BulletPuff 211 0.540625 0.4979166666666667 0.0125 0.0125
DoomPlayer 97 0.3484375 0.5375 0.059375 0.15
ClipBox 151 0.21875 0.53125 0.00625 0.0125
ShellBox 157 0.0109375 0.5333333333333333 0.003125 0.008333333333333333
CellPack 168 0.4265625 0.525 0.015625 0.016666666666666666
CellPack 169 0.41875 0.525 0.00625 0.016666666666666666
ShellBox 179 0.0140625 0.5291666666666667 0.009375 0.008333333333333333
RocketBox 185 0.4578125 0.525 0.028125 0.016666666666666666
ClipBox 188 0.221875 0.525 0.00625 0.008333333333333333
RocketLauncher 190 0.4671875 0.525 0.015625 0.008333333333333333
Chaingun 193 0.225 0.525 0.0 0.0
DoomPlayer 194 0.5828125 0.5166666666666667 0.021875 0.075
DoomPlayer 96 0.50625 0.7958333333333333 0.175 0.4
