DoomPlayer 97 0.3796875 0.5416666666666666 0.046875 0.16666666666666666
ClipBox 151 0.2625 0.53125 0.00625 0.0125
ShellBox 157 0.0734375 0.5333333333333333 0.003125 0.008333333333333333
CellPack 168 0.4671875 0.525 0.015625 0.016666666666666666
CellPack 169 0.459375 0.525 0.00625 0.016666666666666666
ShellBox 179 0.0765625 0.5291666666666667 0.003125 0.008333333333333333
RocketBox 185 0.5 0.5270833333333333 0.03125 0.0125
ClipBox 188 0.265625 0.525 0.0 0.008333333333333333
RocketLauncher 190 0.5125 0.5270833333333333 0.01875 0.0125
DoomPlayer 194 0.6359375 0.5208333333333334 0.021875 0.08333333333333333
DoomPlayer 96 0.50625 0.8208333333333333 0.16875 0.35
