DoomPlayer 97 0.36875 0.5375 0.04375 0.16666666666666666
ClipBox 151 0.2484375 0.53125 0.009375 0.0125
ShellBox 157 0.0515625 0.53125 0.003125 0.0125
CellPack 168 0.453125 0.525 0.01875 0.016666666666666666
CellPack 169 0.4453125 0.525 0.009375 0.016666666666666666
ShellBox 179 0.0546875 0.5291666666666667 0.003125 0.008333333333333333
RocketBox 185 0.4859375 0.525 0.028125 0.016666666666666666
ClipBox 188 0.2515625 0.525 0.003125 0.008333333333333333
RocketLauncher 190 0.496875 0.525 0.01875 0.016666666666666666
DoomPlayer 194 0.6171875 0.5166666666666667 0.021875 0.08333333333333333
DoomPlayer 96 0.50625 0.8208333333333333 0.16875 0.35
