BulletPuff 212 0.496875 0.49583333333333335 0.00625 0.008333333333333333
DoomPlayer 97 0.3921875 0.54375 0.046875 0.17083333333333334
ClipBox 151 0.2796875 0.53125 0.009375 0.0125
ShellBox 157 0.096875 0.5333333333333333 0.00625 0.008333333333333333
CellPack 168 0.484375 0.5270833333333333 0.0125 0.0125
CellPack 169 0.475 0.5270833333333333 0.00625 0.0125
ShellBox 177 0.09375 0.5291666666666667 0.0 0.008333333333333333
ShellBox 179 0.0984375 0.5291666666666667 0.003125 0.008333333333333333
RocketBox 185 0.515625 0.5291666666666667 0.03125 0.016666666666666666
ClipBox 188 0.2828125 0.5270833333333333 0.003125 0.0125
RocketLauncher 190 0.528125 0.5270833333333333 0.01875 0.0125
DoomPlayer 194 0.6515625 0.5208333333333334 0.021875 0.08333333333333333
DoomPlayer 96 0.515625 0.75 0.19375 0.49166666666666664
