TeleportFog 213 0.146875 0.5145833333333333 0.05 0.0875
ShotgunGuy 214 0.146875 0.5291666666666667 0.03125 0.09166666666666666
BulletPuff 212 0.5125 0.49166666666666664 0.00625 0.008333333333333333
DoomPlayer 97 0.4 0.5479166666666667 0.05 0.17916666666666667
ClipBox 151 0.290625 0.53125 0.00625 0.0125
ShellBox 157 0.1125 0.5333333333333333 0.00625 0.008333333333333333
CellPack 168 0.496875 0.5291666666666667 0.01875 0.016666666666666666
CellPack 169 0.4890625 0.5291666666666667 0.009375 0.016666666666666666
ShellBox 177 0.109375 0.5291666666666667 0.0 0.008333333333333333
ShellBox 179 0.115625 0.53125 0.0 0.004166666666666667
RocketBox 185 0.5296875 0.5291666666666667 0.028125 0.016666666666666666
ClipBox 188 0.29375 0.5291666666666667 0.0 0.008333333333333333
RocketLauncher 190 0.54375 0.5291666666666667 0.01875 0.016666666666666666
DoomPlayer 194 0.671875 0.5229166666666667 0.025 0.0875
DoomPlayer 96 0.515625 0.75 0.19375 0.49166666666666664
