BulletPuff 211 0.5265625 0.5020833333333333 0.009375 0.0125
DoomPlayer 97 0.3328125 0.5375 0.059375 0.15
ClipBox 151 0.2 0.53125 0.00625 0.0125
CellPack 168 0.4109375 0.525 0.015625 0.016666666666666666
CellPack 169 0.403125 0.525 0.00625 0.016666666666666666
RocketBox 185 0.4421875 0.525 0.028125 0.016666666666666666
ClipBox 188 0.203125 0.5270833333333333 0.00625 0.0125
RocketLauncher 190 0.453125 0.525 0.01875 0.016666666666666666
Chaingun 193 0.20625 0.525 0.0 0.0
DoomPlayer 194 0.5671875 0.5166666666666667 0.021875 0.075
DoomPlayer 96 0.50625 0.7958333333333333 0.175 0.4
