0 0.25625 0.6083333333333333 0.11875 0.4166666666666667
2 0.19375 0.5416666666666666 0.0 0.016666666666666666
3 0.5375 0.5375 0.0 0.016666666666666666
4 0.4609375 0.5333333333333333 0.021875 0.016666666666666666
5 0.4515625 0.5333333333333333 0.009375 0.016666666666666666
6 0.1921875 0.53125 0.003125 0.0125
7 0.5 0.5354166666666667 0.0375 0.020833333333333332
8 0.5203125 0.5333333333333333 0.034375 0.016666666666666666
9 0.7 0.53125 0.03125 0.12083333333333333
106 0.50625 0.8791666666666667 0.1625 0.23333333333333334
