BulletPuff 212 0.5109375 0.49583333333333335 0.003125 0.008333333333333333
DoomPlayer 97 0.40625 0.5479166666666667 0.05 0.17083333333333334
ClipBox 151 0.296875 0.53125 0.00625 0.0125
ShellBox 157 0.11875 0.53125 0.00625 0.0125
CellPack 168 0.5 0.5291666666666667 0.0125 0.016666666666666666
CellPack 169 0.4890625 0.5270833333333333 0.009375 0.0125
ClipBox 176 0.290625 0.525 0.0 0.008333333333333333
ShellBox 177 0.115625 0.5291666666666667 0.0 0.008333333333333333
ShellBox 179 0.121875 0.5291666666666667 0.0 0.008333333333333333
RocketBox 185 0.5296875 0.5291666666666667 0.028125 0.016666666666666666
ClipBox 188 0.3 0.5291666666666667 0.0 0.008333333333333333
RocketLauncher 190 0.54375 0.5270833333333333 0.01875 0.0125
DoomPlayer 194 0.6703125 0.5229166666666667 0.021875 0.0875
DoomPlayer 96 0.515625 0.75 0.19375 0.49166666666666664
