BulletPuff 211 0.540625 0.49583333333333335 0.0125 0.016666666666666666
DoomPlayer 97 0.346875 0.5375 0.04375 0.15833333333333333
ClipBox 151 0.2140625 0.53125 0.009375 0.0125
ShellBox 157 0.003125 0.5333333333333333 0.00625 0.008333333333333333
CellPack 168 0.4234375 0.525 0.015625 0.016666666666666666
CellPack 169 0.415625 0.525 0.00625 0.016666666666666666
ShellBox 177 0.0 0.5291666666666667 0.0 0.008333333333333333
ShellBox 179 0.009375 0.5291666666666667 0.00625 0.008333333333333333
RocketBox 185 0.4546875 0.525 0.028125 0.016666666666666666
ClipBox 188 0.21875 0.525 0.00625 0.008333333333333333
RocketLauncher 190 0.4671875 0.525 0.015625 0.016666666666666666
Chaingun 193 0.221875 0.525 0.0 0.0
DoomPlayer 194 0.5828125 0.5166666666666667 0.021875 0.075
DoomPlayer 96 0.515625 0.7833333333333333 0.19375 0.425
