DoomPlayer 97 0.35625 0.5354166666666667 0.04375 0.1625
ClipBox 151 0.23125 0.53125 0.00625 0.0125
ShellBox 157 0.028125 0.53125 0.00625 0.0125
CellPack 168 0.4390625 0.525 0.015625 0.016666666666666666
CellPack 169 0.43125 0.525 0.00625 0.016666666666666666
ShellBox 177 0.025 0.5291666666666667 0.0 0.008333333333333333
ShellBox 179 0.0328125 0.5291666666666667 0.003125 0.008333333333333333
RocketBox 185 0.4703125 0.525 0.028125 0.016666666666666666
ClipBox 188 0.234375 0.525 0.00625 0.008333333333333333
RocketLauncher 190 0.4828125 0.525 0.015625 0.016666666666666666
DoomPlayer 194 0.6 0.5145833333333333 0.01875 0.07916666666666666
DoomPlayer 96 0.515625 0.7833333333333333 0.19375 0.425
