0 0.240625 0.6083333333333333 0.11875 0.4166666666666667
1 0.9859375 0.5854166666666667 0.015625 0.020833333333333332
3 0.521875 0.5375 0.0 0.016666666666666666
4 0.4453125 0.5333333333333333 0.021875 0.016666666666666666
5 0.4359375 0.5333333333333333 0.009375 0.016666666666666666
6 0.171875 0.5354166666666667 0.0 0.0125
7 0.484375 0.5354166666666667 0.0375 0.020833333333333332
8 0.5046875 0.5333333333333333 0.034375 0.016666666666666666
9 0.68125 0.5291666666666667 0.03125 0.11666666666666667
106 0.5046875 0.89375 0.146875 0.20416666666666666
