0 0.225 0.6083333333333333 0.11875 0.4166666666666667
1 0.9515625 0.58125 0.015625 0.020833333333333332
2 0.153125 0.54375 0.0 0.0125
3 0.50625 0.5354166666666667 0.0 0.0125
4 0.4296875 0.5333333333333333 0.021875 0.016666666666666666
5 0.4203125 0.5333333333333333 0.009375 0.016666666666666666
6 0.1515625 0.5333333333333333 0.003125 0.016666666666666666
7 0.4703125 0.5354166666666667 0.034375 0.020833333333333332
8 0.490625 0.5333333333333333 0.03125 0.016666666666666666
9 0.6640625 0.5291666666666667 0.034375 0.11666666666666667
106 0.5 0.9395833333333333 0.075 0.1125
