0 0.2703125 0.6083333333333333 0.121875 0.4166666666666667
2 0.2125 0.5416666666666666 0.0 0.016666666666666666
3 0.553125 0.5375 0.0 0.016666666666666666
4 0.4765625 0.5333333333333333 0.021875 0.016666666666666666
5 0.4671875 0.5333333333333333 0.009375 0.016666666666666666
6 0.2125 0.5333333333333333 0.0 0.008333333333333333
7 0.515625 0.5354166666666667 0.0375 0.020833333333333332
8 0.5359375 0.5333333333333333 0.034375 0.016666666666666666
9 0.7203125 0.5291666666666667 0.034375 0.125
106 0.50625 0.8645833333333334 0.1625 0.2625
